"","med.age","perc.1dollar","perc.basic2015sani","perc.safe2015sani","perc.basic2015water","perc.safe2015water","perc.in.school","female.in.school","male.in.school"
"1",16.5,NA,39,NA,63,NA,NA,NA,NA
"2",32.9,1,98,65,91,69,91.8379,90.63177,92.9704
"3",26.9,NA,87,19,93,NA,NA,NA,NA
"4",16.3,43.4,39,NA,41,NA,NA,NA,NA
"5",30.5,NA,88,NA,97,NA,80.64083,80.33786,80.94106
"6",31.1,1,95,26,100,NA,97.26677,98.37124,96.19896
"7",32.7,1,92,NA,99,61,NA,NA,NA
"8",37.2,NA,100,74,100,NA,98.21267,98.60708,97.83905
"9",42.7,NA,100,97,100,99,NA,NA,NA
"10",29.7,1,89,NA,84,72,93.55221,92.58471,94.40168
"11",31.8,NA,92,NA,98,NA,NA,NA,NA
"12",30.1,NA,100,93,100,99,96.39323,96.78244,96.01993
"13",25.1,43.3,47,NA,97,56,NA,NA,NA
"14",36.9,NA,96,NA,98,NA,95.35281,96.45,94.31128
"15",39.3,1,94,76,98,94,97.73468,98.18613,97.30741
"16",41.6,NA,99,97,100,98,98.14035,98.15797,98.12348
"17",23,NA,87,NA,97,NA,89.5333,89.13962,89.92035
"18",18.4,51.6,14,NA,67,NA,NA,NA,NA
"19",25.8,2.4,63,NA,98,34,81.97541,84.33497,79.68418
"20",22.4,8,53,19,93,NA,87.89582,87.22136,88.54826
"21",39.5,1,95,23,98,89,NA,NA,NA
"22",22.5,13.4,60,NA,79,NA,NA,NA,NA
"23",30.3,3.8,86,39,97,NA,92.482,92.82479,92.15378
"24",30.5,NA,96,NA,100,NA,90.19668,90.67994,89.74265
"25",43,1,86,74,99,97,93.34393,92.45417,94.18293
"26",17.1,44.5,23,NA,54,NA,58.23391,57.34929,59.08696
"27",17.6,NA,50,NA,56,NA,NA,NA,NA
"28",24.2,13.7,65,NA,86,NA,80.12623,80.43317,79.82304
"29",24.4,10.1,49,NA,75,24,NA,NA,NA
"30",18.3,27.6,39,NA,65,NA,77.44594,73.09609,81.73338
"31",40.1,1,99,77,99,NA,95.81283,96.05354,95.58515
"32",19.7,62.8,25,NA,54,NA,NA,NA,NA
"33",15.8,36.5,10,NA,43,NA,NA,NA,NA
"34",33.1,1,100,85,100,98,92.69857,92.82822,92.57377
"35",37.4,6.3,75,60,96,NA,NA,NA,NA
"36",27.7,5.6,84,20,97,71,92.01945,92.56452,91.49632
"37",19.1,NA,34,NA,84,NA,NA,NA,NA
"38",18.8,32.8,15,NA,68,37,NA,NA,NA
"39",29.7,1,97,NA,100,90,93.90919,94.10793,93.71929
"40",19,35,30,NA,73,46,NA,NA,NA
"41",42.6,1,97,60,100,90,94.76085,96.6136,93.00491
"42",40.1,NA,91,31,95,NA,91.89853,92.84254,91.01017
"43",35.2,NA,99,76,100,100,97.01095,97.26324,96.76995
"44",40.3,1,99,91,100,98,NA,NA,NA
"45",33.6,NA,77,NA,100,NA,NA,NA,NA
"46",17.4,NA,20,NA,42,NA,NA,NA,NA
"47",41.1,1,100,93,100,97,95.71858,96.30505,95.16228
"48",22.8,NA,51,NA,77,NA,47.14033,43.56935,50.62808
"49",25.8,2.3,83,NA,94,NA,85.54272,85.41801,85.66365
"50",26.1,4,86,42,93,74,93.20944,93.65811,92.77806
"51",25.2,1,93,61,98,NA,NA,NA,NA
"52",24.1,2.5,91,NA,93,NA,83.49498,83.17826,83.80209
"53",20.6,NA,75,NA,50,NA,NA,NA,NA
"54",18.4,NA,11,NA,19,NA,40.07211,37.14189,42.89979
"55",40.9,1,100,93,100,82,94.95061,95.37483,94.54926
"56",20.1,39.3,58,NA,68,NA,78.21111,77.59859,78.82026
"57",18.2,36.8,7,NA,39,11,66.40913,63.82139,68.94574
"58",27.1,5.9,96,NA,94,NA,NA,NA,NA
"59",42.3,1,99,92,100,97,97.94942,98.00904,97.89245
"60",40.6,NA,99,92,100,93,97.44548,97.7829,97.12358
"61",20.7,NA,41,NA,88,NA,NA,NA,NA
"62",17,NA,42,NA,80,NA,NA,NA,NA
"63",37.6,14.1,85,NA,93,73,97.24844,98.13692,96.46058
"64",45.5,1,99,95,100,99,NA,NA,NA
"65",20.6,NA,14,NA,78,27,83.94441,83.69561,84.18277
"66",42.8,1,99,75,100,99,92.49372,91.9947,92.96997
"67",26.3,NA,88,NA,96,NA,95.39996,95.30846,95.48706
"68",19.4,13.7,67,NA,94,61,76.33354,75.01474,77.60021
"69",18.6,40.9,22,NA,67,NA,NA,NA,NA
"70",19.1,NA,21,NA,69,NA,NA,NA,NA
"71",22.6,NA,86,NA,95,NA,NA,NA,NA
"72",22.2,NA,31,NA,64,NA,NA,NA,NA
"73",21.9,16.5,80,NA,92,NA,68.50952,70.05153,67.02192
"74",40.6,1,98,76,100,82,93.52822,93.67942,93.38513
"75",35.5,1,99,69,100,98,94.25337,94.73945,93.78697
"76",26.4,24.7,44,NA,88,NA,NA,NA,NA
"77",27.8,16.2,68,NA,90,NA,NA,NA,NA
"78",28.5,NA,88,NA,95,91,88.13856,87.90468,88.35681
"79",19.7,3.9,86,32,86,NA,NA,NA,NA
"80",35.3,1,92,70,99,99,99.77626,NA,NA
"81",30.1,1,100,93,100,99,98.34359,98.8393,97.87407
"82",44.3,1,99,95,100,94,97.72174,97.46003,97.96961
"83",27.7,NA,85,NA,93,NA,NA,NA,NA
"84",45.9,1,100,100,99,97,98.45624,98.84415,98.08843
"85",23.4,1,97,77,99,93,NA,NA,NA
"86",29.4,1,98,NA,91,NA,NA,NA,NA
"87",18.8,NA,30,NA,58,NA,NA,NA,NA
"88",23.5,NA,40,NA,64,NA,NA,NA,NA
"89",29.2,NA,100,100,100,100,92.54955,94.93118,90.36027
"90",24.6,5.1,97,NA,87,66,91.47844,92.44216,90.55288
"91",21.4,30.3,73,NA,80,NA,81.22689,79.721,82.68145
"92",41.5,1,93,78,99,82,96.54623,97.05617,96.06172
"93",29.8,NA,95,20,92,48,NA,NA,NA
"94",20.7,56.2,44,NA,72,NA,75.45066,77.94521,72.98044
"95",18.5,83.8,17,NA,70,NA,53.11508,50.46198,55.66882
"96",26.6,NA,100,26,97,NA,NA,NA,NA
"97",39.3,1,94,61,97,92,99.19103,99.40127,98.99127
"98",39,NA,98,94,100,98,91.56046,92.717,90.46439
"99",18.4,87.7,10,NA,51,NA,NA,NA,NA
"100",17.2,72.2,44,NA,67,NA,83.01217,83.55514,82.47277
"101",27.4,1,100,82,96,92,86.81791,88.39377,85.32603
"102",25,NA,96,NA,98,NA,NA,NA,NA
"103",16.3,50.6,31,NA,74,NA,52.80126,49.00399,56.4941
"104",40.9,NA,100,93,100,100,94.90458,97.01787,92.92693
"105",19.8,23.4,45,NA,70,NA,NA,NA,NA
"106",34.6,1,93,NA,100,NA,92.36951,94.14092,90.65909
"107",27,1,89,45,98,43,89.0306,89.83108,88.2618
"108",21,NA,NA,NA,88,NA,NA,NA,NA
"109",26.8,NA,59,NA,83,NA,NA,NA,NA
"110",37.1,1,96,NA,98,90,NA,NA,NA
"111",27,2.6,83,38,83,69,NA,NA,NA
"112",17.3,60.7,24,NA,47,NA,73.52982,70.66107,76.39014
"113",29,NA,65,NA,68,NA,NA,NA,NA
"114",21.2,23.5,34,NA,79,NA,NA,NA,NA
"115",22.4,23.7,46,NA,88,27,81.32964,84.17792,78.61284
"116",41.8,1,98,97,100,100,NA,NA,NA
"117",37,NA,100,76,100,100,97.01764,97.62281,96.44596
"118",23.1,8.5,76,NA,82,59,NA,NA,NA
"119",15,40.8,13,9,46,NA,44.95451,40.05201,49.76405
"120",17.8,62,33,NA,67,19,NA,NA,NA
"121",39,1,98,78,100,95,97.76491,97.90568,97.63103
"122",26.3,NA,99,NA,91,89,96.34362,96.3879,96.30078
"123",22.5,12.7,58,NA,89,36,56.96193,51.42724,62.08989
"124",27.9,4,77,NA,95,NA,83.23535,83.69703,82.79087
"125",20.9,NA,19,NA,37,NA,NA,NA,NA
"126",23.9,3,91,NA,99,NA,NA,NA,NA
"127",26.5,2.9,77,30,90,50,NA,NA,NA
"128",23,19,75,NA,91,NA,93.92553,95.37575,92.564
"129",38.8,1,98,77,98,94,94.20248,94.4196,93.99637
"130",42.2,NA,99,62,100,95,98.05387,97.39457,98.69077
"131",31.7,NA,100,88,100,NA,89.4439,95.34383,84.43505
"132",39.4,NA,100,98,100,98,98.09959,98.34834,97.87099
"133",35.8,1,78,NA,87,70,82.08397,82.05888,82.10771
"134",39.4,1,82,57,100,99,NA,NA,NA
"135",38.3,1,89,NA,96,76,NA,NA,NA
"136",18.2,63,62,NA,57,NA,NA,NA,NA
"137",30.5,NA,91,NA,98,NA,NA,NA,NA
"138",29,NA,87,NA,95,NA,94.04606,95.65852,92.46883
"139",21,NA,97,NA,96,NA,91.60113,93.61099,89.73585
"140",19.2,43.5,40,NA,80,NA,89.0962,89.39011,88.80657
"141",27.5,NA,100,84,100,NA,NA,NA,NA
"142",18.1,34.1,48,24,75,NA,NA,NA,NA
"143",38.7,1,95,24,91,88,96.10382,96.6643,95.57423
"144",32.6,1,100,NA,96,NA,NA,NA,NA
"145",19.1,56.6,15,NA,58,NA,71.0132,70.24976,71.78544
"146",38.1,NA,100,100,100,100,NA,NA,NA
"147",38.2,1,99,82,98,93,NA,NA,NA
"148",42.4,1,99,76,100,98,97.87173,98.28771,97.48012
"149",19.7,NA,31,NA,64,NA,NA,NA,NA
"150",16.3,NA,16,14,40,NA,NA,NA,NA
"151",26,9.4,73,NA,85,NA,90.17675,89.26763,91.07381
"152",18.6,NA,10,NA,50,NA,33.32038,27.86278,38.65942
"153",41.4,2.3,100,97,100,98,98.98436,99.1734,98.80578
"154",31.4,4.1,94,NA,92,NA,NA,NA,NA
"155",19.2,19.8,35,NA,59,NA,NA,NA,NA
"156",28.5,NA,79,NA,95,NA,84.16277,87.20792,81.32013
"157",41,NA,99,92,100,98,99.24455,99.11864,99.36322
"158",42,NA,100,99,100,95,93.55707,93.2131,93.88346
"159",22.4,NA,93,NA,97,NA,NA,NA,NA
"160",21.7,6.5,95,NA,74,47,NA,NA,NA
"161",36.9,1,95,NA,98,NA,NA,NA,NA
"162",16.6,34.9,44,NA,70,NA,79.73874,80.79156,78.72829
"163",18.9,52.5,14,NA,63,NA,NA,NA,NA
"164",21.3,NA,93,NA,100,NA,89.69771,91.2018,88.31891
"165",33.3,NA,92,NA,97,NA,NA,NA,NA
"166",30.3,1,93,73,94,93,NA,NA,NA
"167",29.4,1,96,44,99,NA,90.73127,89.93794,91.49488
"168",25.6,NA,97,NA,94,86,NA,NA,NA
"169",15.8,37.8,19,NA,39,6,NA,NA,NA
"170",39.7,1,96,NA,98,92,NA,NA,NA
"171",30,NA,100,93,100,NA,NA,NA,NA
"172",40.2,1,99,98,100,96,99.44439,99.65378,99.24457
"173",17.5,43.5,24,NA,50,NA,NA,NA,NA
"174",37.4,1,100,89,99,99,95.57265,96.26928,94.90529
"175",34.4,1,96,64,99,NA,93.08955,94.15098,92.07206
"176",25.3,NA,100,NA,NA,NA,91.8608,91.32157,92.37583
"177",21.7,NA,53,NA,91,NA,83.91766,84.24435,83.62023
"178",27,NA,95,19,97,NA,87.72761,88.18993,87.28386
"179",29.8,2.4,78,NA,91,NA,NA,NA,NA
"180",19.1,NA,60,NA,70,NA,NA,NA,NA
"181",16.6,74.3,31,NA,61,NA,NA,NA,NA
"182",19.5,NA,39,NA,67,NA,NA,NA,NA
